15
4.5
0.7
0.3
+

18.7
5.6
0.9
0.4
+
+
22.5
6.9
1.1
0.4
+
+
18.8
5.7
0.9
0.4

+
13.5
4
0.6
0.3
+

18
5.4
0.9
0.4

+
22.5
6.8
1
0.4
+
+
22.6
6.9
1.2
0.5

+
13.6
4.2
0.6
0.3

+
22.1
6.6
1
0.4
+
+
27
8.3
1.3
0.5

+
33.1
10
1.6
0.7
+
+
28
8.3
1.4
0.6

+
25
7.5
1.2
0.5
+
+
31.3
9.4
1.5
0.6

+
37.5
11.4
1.8
0.8
+
+
31.4
9.5
1.5
0.7

+
9
2.7
0.4
0.2
+
+
12.4
3.6
0.6
0.2

+
15
4.5
0.7
0.3
+

15.1
4.5
0.8
0.3


9.6
2.7
0.4
0.2
+

8
2.4
0.4
0.2

+
10
3
0.5
0.2
+

12
3.6
0.6
0.3

+
10
3
0.5
0.2
+

12.3
3.7
0.6
0.2

+
15.3
4.6
0.7
0.3
+

18.4
5.6
0.9
0.4

+
15.4
4.6
0.8
0.3
+

16.4
5
0.8
0.3
+
+
20.5
6.1
1
0.4


24.6
7.4
1.1
0.6
+
+
20.5
6.2
1
0.4

+
15.4
4.6
0.7
0.3


20.5
6.1
1
0.4
+
+
25.6
7.7
1.2
0.5


25.7
7.8
1.3
0.5
+

15.4
4.6
0.8
0.3

+
14.7
4.4
0.7
0.3
+

18.4
5.5
0.8
0.4

+
22.1
6.6
1.1
0.5
+

18.5
5.7
0.9
0.4

+
7.3
2.2
0.3
0.2
+

9.8
3
0.5
0.2

+
12.3
3.7
0.6
0.2
+

12.3
3.7
0.6
0.3
+
+
7.4
2.2
0.4
0.2
+

8.2
2.4
0.4
0.2
+

10.2
3.1
0.5
0.3
+

12.3
3.7
0.6
0.6
+

10.3
3.2
0.5
0.4
+
