22.4
12
1.2
0.5
+

28
15
1.5
0.7
+
+
33.6
17.9
2
0.8
+
+
28.2
14.8
1.6
0.7

+
18
9.8
1
0.5
+

24.6
13
1.2
0.6

+
30.8
16
1.6
0.7
+
+
31
16.8
1.8
0.8

+
19
10.1
1.1
0.4

+
27.6
14.7
1.5
0.7
+

34.7
18.4
2
0.8

+
41.5
22
2.3
1
+
+
34.6
18.5
2
0.9

+
30.6
16.2
1.7
0.7
+
+
38.2
20.3
2.1
0.9

+
45.9
24.4
2.6
1.1
+
+
38.3
20.5
2.3
1

+
19.6
10.5
1.2
0.5
+

26.4
14
1.5
0.6


32.7
17.2
1.8
0.8
+

33
17.8
2
0.8


20
10.6
1
0.5
+

28
15
1.8
0.7


34
18.8
2
0.9
+

42
22.1
2.3
1


36
14.8
1.8
8
+

34.5
18.4
2
0.8


43.2
23
2.5
1
+
+
51.8
27.6
3
1.2


43
22.8
2.3
1.1
+

32
17.4
1.8
0.7

+
39.9
21.4
2.4
1
+

48.8
26
2.6
1.2

+
42
21.8
2.4
1
+
+
23.6
12.4
1.2
0.5

+
31.5
16.5
1.8
0.7
+

39
20.4
2.1
1

+
40
22
2.4
1
+

23.7
12.6
1.4
0.6

+
28.2
15.2
1.5
0.8
+

28.6
15.4
1.8
0.7

+
34.2
18.2
2
0.8
+

23.2
12
1.2
0.4

+
18.2
9.4
1
0.4
+

24.4
13
1.4
0.6

+
30.4
16
1.6
0.7
+

31
16.5
1.8
0.7
+
+
18.4
10.2
1.2
0.5
+

34.2
18.2
1.8
0.8
+

42.7
22.6
2.4
1.2
+

51.4
27.4
3
1.2
+

43
23
2.5
1
+
