14.3
5.1
0.7
0.3
+

17.8
6.3
0.9
0.3
+
+
21.4
7.6
1
5
+
+
17.8
6.5
1
0.4
+
+
13.3
4.7
0.6
0.3
+
+
17.8
6.4
0.9
0.4
+
+
22
7.9
1.1
0.4
+
+
22.6
8
1.3
0.5
+
+
13.5
4.8
0.6
0.3
+
+
19.9
7.1
1
0.4
+

24.9
8.9
1.2
0.5

+
30
10.6
1.5
0.7
+
+
25.1
9
1.3
0.6
+
+
19.2
6.8
1
0.4
+
+
24
8.6
1.2
0.5
+
+
29
10.3
1.4
0.6
+
+
24.2
8.7
1.2
0.5

+
12
4.4
0.6
0.3
+
+
16.3
5.8
0.8
0.3

+
20.3
7.2
1
0.4
+
+
20.6
7.3
1
0.5


12.3
4.3
0.6
0.3
+

17.9
6.4
1
0.4

+
22.4
8
1
0.5
+

26.9
9.6
1.3
0.6

+
22.5
8
1.1
0.5
+

20.4
7.2
1
0.4

+
25
9.2
1.2
0.5
+
+
30.6
11
1.5
0.7
+
+
26
9
1.3
0.6
+
+
26.9
9.6
1.3
0.5

+
33.6
12
1.8
0.7
+
+
40.3
14.4
2
0.9
+
+
33.8
12
1.7
0.7
+
+
10.3
7
0.5
0.2
+
+
12.7
9.6
0.7
0.3

+
17.2
12
0.8
0.3

+
18.3
12
0.9
0.4


10.4
7.4
0.5
0.2

+
13.2
4.7
0.7
0.3
+

16
5.9
0.8
0.3

+
19.9
7.1
1.2
0.4
+

17.1
6
0.8
0.4

+
8.4
3
0.4
0.2
+

11.2
4
0.5
0.2

+
14
5
0.7
0.3
+

14.1
5
0.7
0.3
+
+
8.4
3
0.4
0.2
+

12.7
4.5
0.6
0.3
+
+
15.9
5.6
0.8
0.3
+
+
19.1
6.8
1
0.4
+
+
16
5.8
0.8
0.4
+
+
