17.8
7
0.9
0.4
+

22
8.8
1.1
0.5
+
+
26.7
10.6
1.4
0.6
+
+
22.5
8.8
1.2
0.5

+
16.7
6.6
0.8
0.4
+

22.3
8.8
1.1
0.5

+
27.8
11
1.4
0.6
+
+
27.8
11.1
1.5
0.6

+
16.8
6.7
0.9
0.4

+
25
10
1.2
0.5
+

31
12.3
1.6
0.7

+
37.4
14.8
1.9
0.8
+
+
31.4
12.4
1.7
0.8

+
24
9.5
1.2
0.5
+
+
30
11.8
1.4
0.6

+
36
14.3
2
0.8
+
+
30.3
12.2
1.6
0.7

+
15.3
6
0.8
0.3
+
+
20.4
8.1
1
0.4


25.4
10
1.2
0.5
+

25.5
10.2
1.4
0.6


15.3
6.2
0.8
0.4
+

22.4
8.9
1.1
0.5

+
28
11
1.4
0.6
+

33.6
13.4
1.7
0.7

+
28
11.2
1.6
0.6
+

25.4
10.1
1.3
0.5

+
31.8
12.6
1.6
0.6
+

38
15.2
2
0.9

+
32
12.7
1.7
0.8
+

33.6
13.4
1.8
0.7

+
42
16.6
2
0.9
+

50.4
20
2.6
1.1

+
42
16.7
2.3
1
+
+
12.9
5
0.6
0.3

+
17.2
6.9
0.9
0.4
+

21.5
8
1
0.4

+
21.5
9
1.2
0.5
+

12.9
5.2
0.7
0.3

+
16.4
6.6
0.8
0.3
+

20.7
8
1
0.4

+
24.8
9.8
1.3
0.6
+

20.9
8.4
1.2
0.5

+
10
4
0.5
0.2
+

14
5.5
0.7
0.3

+
17
6.5
0.8
0.4
+

18
7.5
1
0.4
+
+
11
4.2
0.6
0.3
+

15.9
6.3
0.8
0.3
+

19.8
7.8
1
0.4
+

23.9
9.5
1.2
0.5
+

20
8
1
0.5
+
